666
555
444
345
354
435
453
534
543
234
243
324
342
423
432
333
222
566
656
665
456
465
546
564
645
654
346
364
436
463
634
643
245
254
425
452
466
524
542
556
565
646
655
664
356
365
455
536
545
554
563
635
653
111
235
253
325
352
366
523
532
636
663
355
445
454
535
544
553
344
434
443
446
464
644
334
343
433
335
353
533
266
626
662
255
336
363
525
552
633
244
424
442
134
143
166
314
341
413
431
616
661
124
142
214
241
412
421
224
233
242
323
332
422
246
264
426
462
624
642
123
132
155
213
231
312
321
515
551
144
225
252
414
441
522
256
265
526
562
625
652
223
232
322
236
263
326
362
623
632
226
262
622
133
313
331
116
161
611
114
141
411
145
154
415
451
514
541
115
151
511
146
164
416
461
614
641
113
122
131
212
221
311
135
153
315
351
513
531
156
165
516
561
615
651
136
163
316
361
613
631
112
121
211
125
152
215
251
512
521
126
162
216
261
612
621
