6666
5555
4444
3333
2222
1111
2345
2354
2435
2453
2534
2543
3245
3254
3425
3452
3524
3542
4235
4253
4325
4352
4523
4532
5234
5243
5324
5342
5423
5432
3456
3465
3546
3564
3645
3654
4356
4365
4536
4563
4635
4653
5346
5364
5436
5463
5634
5643
6345
6354
6435
6453
6534
6543
1234
1243
1324
1342
1423
1432
2134
2143
2314
2341
2413
2431
3124
3142
3214
3241
3412
3421
4123
4132
4213
4231
4312
4321
5666
6566
6656
6665
4666
6466
6646
6664
3666
5556
5565
5655
6366
6555
6636
6663
2666
6266
6626
6662
1666
4555
5455
5545
5554
6166
6616
6661
5566
5656
5665
6556
6565
6655
3555
4446
4464
4644
5355
5535
5553
6444
2555
4445
4454
4544
5255
5444
5525
5552
4466
4646
4664
6446
6464
6644
1555
5155
5515
5551
3455
3545
3554
4355
4535
4553
5345
5354
5435
5453
5534
5543
3336
3363
3444
3633
4344
4434
4443
6333
3366
3636
3663
4455
4545
4554
5445
5454
5544
6336
6363
6633
3445
3454
3544
4345
4354
4435
4453
4534
4543
4566
4656
4665
5344
5434
5443
5466
5646
5664
6456
6465
6546
6564
6645
6654
2444
3335
3353
3533
4244
4424
4442
5333
2346
2364
2436
2463
2634
2643
3246
3264
3345
3354
3426
3435
3453
3462
3534
3543
3566
3624
3642
3656
3665
4236
4263
4326
4335
4353
4362
4533
4556
4565
4623
4632
4655
5334
5343
5366
5433
5456
5465
5546
5564
5636
5645
5654
5663
6234
6243
6324
6342
6356
6365
6423
6432
6455
6536
6545
6554
6563
6635
6653
1444
3334
3343
3433
4144
4333
4414
4441
2266
2626
2662
3355
3535
3553
5335
5353
5533
6226
6262
6622
3466
3556
3565
3646
3655
3664
4366
4456
4465
4546
4564
4636
4645
4654
4663
5356
5365
5446
5464
5536
5563
5635
5644
5653
6346
6355
6364
6436
6445
6454
6463
6535
6544
6553
6634
6643
2226
2262
2622
6222
2344
2434
2443
3244
3424
3442
4234
4243
4324
4342
4423
4432
2225
2252
2333
2522
3233
3323
3332
5222
1166
1616
1661
2255
2525
2552
3344
3434
3443
4334
4343
4433
5225
5252
5522
6116
6161
6611
2334
2343
2433
2456
2465
2546
2564
2645
2654
3234
3243
3324
3342
3356
3365
3423
3432
3446
3464
3536
3563
3635
3644
3653
4233
4256
4265
4323
4332
4346
4364
4436
4463
4526
4562
4625
4634
4643
4652
5246
5264
5336
5363
5426
5462
5624
5633
5642
6245
6254
6335
6344
6353
6425
6434
6443
6452
6524
6533
6542
1333
2224
2242
2422
3133
3313
3331
4222
2234
2243
2324
2342
2356
2365
2423
2432
2455
2536
2545
2554
2563
2635
2653
3224
3242
3256
3265
3346
3364
3422
3436
3463
3526
3562
3625
3634
3643
3652
4223
4232
4255
4322
4336
4363
4525
4552
4633
5236
5245
5254
5263
5326
5362
5425
5452
5524
5542
5623
5632
6235
6253
6325
6334
6343
6352
6433
6523
6532
1116
1161
1611
2223
2232
2322
3222
6111
1155
1515
1551
2244
2424
2442
4224
4242
4422
5115
5151
5511
2355
2445
2454
2535
2544
2553
3255
3525
3552
4245
4254
4425
4452
4524
4542
5235
5244
5253
5325
5352
5424
5442
5523
5532
1115
1151
1511
5111
2566
2656
2665
5266
5626
5662
6256
6265
6526
6562
6625
6652
1114
1141
1222
1411
2122
2212
2221
4111
1144
1414
1441
2233
2323
2332
3223
3232
3322
4114
4141
4411
1345
1354
1435
1453
1534
1543
1566
1656
1665
2245
2254
2335
2353
2425
2452
2466
2524
2533
2542
2556
2565
2646
2655
2664
3145
3154
3235
3253
3325
3352
3415
3451
3514
3523
3532
3541
4135
4153
4225
4252
4266
4315
4351
4513
4522
4531
4626
4662
5134
5143
5166
5224
5233
5242
5256
5265
5314
5323
5332
5341
5413
5422
5431
5526
5562
5616
5625
5652
5661
6156
6165
6246
6255
6264
6426
6462
6516
6525
6552
6561
6615
6624
6642
6651
1113
1131
1311
3111
1245
1254
1344
1425
1434
1443
1452
1466
1524
1542
1556
1565
1646
1655
1664
2145
2154
2235
2253
2325
2352
2366
2415
2451
2514
2523
2532
2541
2636
2663
3144
3225
3252
3266
3414
3441
3522
3626
3662
4125
4134
4143
4152
4166
4215
4251
4314
4341
4413
4431
4512
4521
4616
4661
5124
5142
5156
5165
5214
5223
5232
5241
5322
5412
5421
5516
5561
5615
5651
6146
6155
6164
6236
6263
6326
6362
6416
6461
6515
6551
6614
6623
6632
6641
1112
1121
1211
2111
1133
1313
1331
3113
3131
3311
1235
1244
1253
1325
1334
1343
1352
1366
1424
1433
1442
1523
1532
1636
1663
2135
2144
2153
2315
2351
2414
2441
2446
2464
2513
2531
2644
3125
3134
3143
3152
3166
3215
3251
3314
3341
3413
3431
3512
3521
3616
3661
4124
4133
4142
4214
4241
4246
4264
4313
4331
4412
4421
4426
4462
4624
4642
5123
5132
5213
5231
5312
5321
6136
6163
6244
6316
6361
6424
6442
6613
6631
1266
1446
1455
1464
1545
1554
1626
1644
1662
2166
2256
2265
2526
2562
2616
2625
2652
2661
4146
4155
4164
4416
4461
4515
4551
4614
4641
5145
5154
5226
5262
5415
5451
5514
5541
5622
6126
6144
6162
6216
6225
6252
6261
6414
6441
6522
6612
6621
1122
1212
1221
2112
2121
2211
1134
1143
1224
1233
1242
1314
1323
1332
1341
1346
1355
1364
1413
1422
1431
1436
1445
1454
1463
1535
1544
1553
1634
1643
2124
2133
2142
2214
2241
2246
2264
2313
2331
2336
2363
2412
2421
2426
2462
2624
2633
2642
3114
3123
3132
3141
3146
3155
3164
3213
3231
3236
3263
3312
3321
3326
3362
3411
3416
3461
3515
3551
3614
3623
3632
3641
4113
4122
4131
4136
4145
4154
4163
4212
4221
4226
4262
4311
4316
4361
4415
4451
4514
4541
4613
4622
4631
5135
5144
5153
5315
5351
5414
5441
5513
5531
6134
6143
6224
6233
6242
6314
6323
6332
6341
6413
6422
6431
1124
1142
1156
1165
1214
1223
1232
1241
1246
1255
1264
1322
1336
1363
1412
1421
1426
1462
1516
1525
1552
1561
1615
1624
1633
1642
1651
2114
2123
2132
2141
2146
2155
2164
2213
2231
2236
2263
2312
2321
2326
2362
2411
2416
2461
2515
2551
2614
2623
2632
2641
3122
3136
3163
3212
3221
3226
3262
3316
3361
3613
3622
3631
4112
4121
4126
4162
4211
4216
4261
4612
4621
5116
5125
5152
5161
5215
5251
5512
5521
5611
6115
6124
6133
6142
6151
6214
6223
6232
6241
6313
6322
6331
6412
6421
6511
1123
1132
1146
1164
1213
1231
1236
1263
1312
1321
1326
1335
1353
1362
1416
1461
1533
1614
1623
1632
1641
2113
2131
2136
2163
2311
2316
2361
2613
2631
3112
3121
3126
3135
3153
3162
3211
3216
3261
3315
3351
3513
3531
3612
3621
4116
4161
4611
5133
5313
5331
6114
6123
6132
6141
6213
6231
6312
6321
6411
1136
1145
1154
1163
1226
1262
1316
1361
1415
1451
1456
1465
1514
1541
1546
1564
1613
1622
1631
1645
1654
2126
2162
2216
2261
2612
2621
3116
3161
3611
4115
4151
4156
4165
4511
4516
4561
4615
4651
5114
5141
5146
5164
5411
5416
5461
5614
5641
6113
6122
6131
6145
6154
6212
6221
6311
6415
6451
6514
6541
1126
1135
1153
1162
1216
1225
1252
1261
1315
1351
1356
1365
1513
1522
1531
1536
1563
1612
1621
1635
1653
2116
2125
2152
2161
2215
2251
2512
2521
2611
3115
3151
3156
3165
3511
3516
3561
3615
3651
5113
5122
5131
5136
5163
5212
5221
5311
5316
5361
5613
5631
6112
6121
6135
6153
6211
6315
6351
6513
6531
1125
1152
1215
1251
1256
1265
1512
1521
1526
1562
1625
1652
2115
2151
2156
2165
2511
2516
2561
2615
2651
5112
5121
5126
5162
5211
5216
5261
5612
5621
6125
6152
6215
6251
6512
6521
