66666
55555
44444
33333
22222
11111
23456
23465
23546
23564
23645
23654
24356
24365
24536
24563
24635
24653
25346
25364
25436
25463
25634
25643
26345
26354
26435
26453
26534
26543
32456
32465
32546
32564
32645
32654
34256
34265
34526
34562
34625
34652
35246
35264
35426
35462
35624
35642
36245
36254
36425
36452
36524
36542
42356
42365
42536
42563
42635
42653
43256
43265
43526
43562
43625
43652
45236
45263
45326
45362
45623
45632
46235
46253
46325
46352
46523
46532
52346
52364
52436
52463
52634
52643
53246
53264
53426
53462
53624
53642
54236
54263
54326
54362
54623
54632
56234
56243
56324
56342
56423
56432
62345
62354
62435
62453
62534
62543
63245
63254
63425
63452
63524
63542
64235
64253
64325
64352
64523
64532
65234
65243
65324
65342
65423
65432
6666
12345
12354
12435
12453
12534
12543
13245
13254
13425
13452
13524
13542
14235
14253
14325
14352
14523
14532
15234
15243
15324
15342
15423
15432
21345
21354
21435
21453
21534
21543
23145
23154
23415
23451
23514
23541
24135
24153
24315
24351
24513
24531
25134
25143
25314
25341
25413
25431
31245
31254
31425
31452
31524
31542
32145
32154
32415
32451
32514
32541
34125
34152
34215
34251
34512
34521
35124
35142
35214
35241
35412
35421
41235
41253
41325
41352
41523
41532
42135
42153
42315
42351
42513
42531
43125
43152
43215
43251
43512
43521
45123
45132
45213
45231
45312
45321
51234
51243
51324
51342
51423
51432
52134
52143
52314
52341
52413
52431
53124
53142
53214
53241
53412
53421
54123
54132
54213
54231
54312
54321
5555
4444
56666
65666
66566
66656
66665
46666
64666
66466
66646
66664
36666
63666
66366
66636
66663
26666
55556
55565
55655
56555
62666
65555
66266
66626
66662
3333
16666
61666
66166
66616
66661
45555
54555
55455
55545
55554
35555
53555
55355
55535
55553
25555
44446
44464
44644
46444
52555
55255
55525
55552
64444
2222
15555
44445
44454
44544
45444
51555
54444
55155
55515
55551
34444
43444
44344
44434
44443
24444
33336
33363
33633
36333
42444
44244
44424
44442
63333
1111
2345
2354
2435
2453
2534
2543
3245
3254
3425
3452
3524
3542
4235
4253
4325
4352
4523
4532
5234
5243
5324
5342
5423
5432
14444
33335
33353
33533
35333
41444
44144
44414
44441
53333
3456
3465
3546
3564
3645
3654
4356
4365
4536
4563
4635
4653
5346
5364
5436
5463
5634
5643
6345
6354
6435
6453
6534
6543
33334
33343
33433
34333
43333
22226
22262
22622
23333
26222
32333
33233
33323
33332
34566
34656
34665
35466
35646
35664
36456
36465
36546
36564
36645
36654
43566
43656
43665
45366
45636
45663
46356
46365
46536
46563
46635
46653
53466
53646
53664
54366
54636
54663
56346
56364
56436
56463
56634
56643
62222
63456
63465
63546
63564
63645
63654
64356
64365
64536
64563
64635
64653
65346
65364
65436
65463
65634
65643
66345
66354
66435
66453
66534
66543
13333
22225
22252
22522
25222
31333
33133
33313
33331
34556
34565
34655
35456
35465
35546
35564
35645
35654
36455
36545
36554
43556
43565
43655
45356
45365
45536
45563
45635
45653
46355
46535
46553
52222
53456
53465
53546
53564
53645
53654
54356
54365
54536
54563
54635
54653
55346
55364
55436
55463
55634
55643
56345
56354
56435
56453
56534
56543
63455
63545
63554
64355
64535
64553
65345
65354
65435
65453
65534
65543
22224
22242
22422
24222
34456
34465
34546
34564
34645
34654
35446
35464
35644
36445
36454
36544
42222
43456
43465
43546
43564
43645
43654
44356
44365
44536
44563
44635
44653
45346
45364
45436
45463
45634
45643
46345
46354
46435
46453
46534
46543
53446
53464
53644
54346
54364
54436
54463
54634
54643
56344
56434
56443
63445
63454
63544
64345
64354
64435
64453
64534
64543
65344
65434
65443
22223
22232
22322
23222
32222
33456
33465
33546
33564
33645
33654
34356
34365
34536
34563
34635
34653
35346
35364
35436
35463
35634
35643
36345
36354
36435
36453
36534
36543
43356
43365
43536
43563
43635
43653
45336
45363
45633
46335
46353
46533
53346
53364
53436
53463
53634
53643
54336
54363
54633
56334
56343
56433
63345
63354
63435
63453
63534
63543
64335
64353
64533
65334
65343
65433
11116
11161
11611
16111
61111
11115
11151
11511
12222
13456
13465
13546
13564
13645
13654
14356
14365
14536
14563
14635
14653
15111
15346
15364
15436
15463
15634
15643
16345
16354
16435
16453
16534
16543
21222
22122
22212
22221
23455
23545
23554
24355
24535
24553
25345
25354
25435
25453
25534
25543
31456
31465
31546
31564
31645
31654
32455
32545
32554
34156
34165
34255
34516
34525
34552
34561
34615
34651
35146
35164
35245
35254
35416
35425
35452
35461
35524
35542
35614
35641
36145
36154
36415
36451
36514
36541
41356
41365
41536
41563
41635
41653
42355
42535
42553
43156
43165
43255
43516
43525
43552
43561
43615
43651
45136
45163
45235
45253
45316
45325
45352
45361
45523
45532
45613
45631
46135
46153
46315
46351
46513
46531
51111
51346
51364
51436
51463
51634
51643
52345
52354
52435
52453
52534
52543
53146
53164
53245
53254
53416
53425
53452
53461
53524
53542
53614
53641
54136
54163
54235
54253
54316
54325
54352
54361
54523
54532
54613
54631
55234
55243
55324
55342
55423
55432
56134
56143
56314
56341
56413
56431
61345
61354
61435
61453
61534
61543
63145
63154
63415
63451
63514
63541
64135
64153
64315
64351
64513
64531
65134
65143
65314
65341
65413
65431
1234
1243
1324
1342
1423
1432
2134
2143
2314
2341
2413
2431
3124
3142
3214
3241
3412
3421
4123
4132
4213
4231
4312
4321
11114
11141
11411
12456
12465
12546
12564
12645
12654
14111
14256
14265
14526
14562
14625
14652
15246
15264
15426
15462
15624
15642
16245
16254
16425
16452
16524
16542
21456
21465
21546
21564
21645
21654
23445
23454
23544
24156
24165
24345
24354
24435
24453
24516
24534
24543
24561
24615
24651
25146
25164
25344
25416
25434
25443
25461
25614
25641
26145
26154
26415
26451
26514
26541
32445
32454
32544
34245
34254
34425
34452
34524
34542
35244
35424
35442
41111
41256
41265
41526
41562
41625
41652
42156
42165
42345
42354
42435
42453
42516
42534
42543
42561
42615
42651
43245
43254
43425
43452
43524
43542
44235
44253
44325
44352
44523
44532
45126
45162
45216
45234
45243
45261
45324
45342
45423
45432
45612
45621
46125
46152
46215
46251
46512
46521
51246
51264
51426
51462
51624
51642
52146
52164
52344
52416
52434
52443
52461
52614
52641
53244
53424
53442
54126
54162
54216
54234
54243
54261
54324
54342
54423
54432
54612
54621
55666
56124
56142
56214
56241
56412
56421
56566
56656
56665
61245
61254
61425
61452
61524
61542
62145
62154
62415
62451
62514
62541
64125
64152
64215
64251
64512
64521
65124
65142
65214
65241
65412
65421
65566
65656
65665
66556
66565
66655
666
11113
11131
11311
12356
12365
12536
12563
12635
12653
13111
13256
13265
13526
13562
13625
13652
15236
15263
15326
15362
15623
15632
16235
16253
16325
16352
16523
16532
21356
21365
21536
21563
21635
21653
23156
23165
23345
23354
23435
23453
23516
23534
23543
23561
23615
23651
24335
24353
24533
25136
25163
25316
25334
25343
25361
25433
25613
25631
26135
26153
26315
26351
26513
26531
31111
31256
31265
31526
31562
31625
31652
32156
32165
32345
32354
32435
32453
32516
32534
32543
32561
32615
32651
33245
33254
33425
33452
33524
33542
34235
34253
34325
34352
34523
34532
35126
35162
35216
35234
35243
35261
35324
35342
35423
35432
35612
35621
36125
36152
36215
36251
36512
36521
42335
42353
42533
43235
43253
43325
43352
43523
43532
45233
45323
45332
51236
51263
51326
51362
51623
51632
52136
52163
52316
52334
52343
52361
52433
52613
52631
53126
53162
53216
53234
53243
53261
53324
53342
53423
53432
53612
53621
54233
54323
54332
55566
55656
55665
56123
56132
56213
56231
56312
56321
56556
56565
56655
61235
61253
61325
61352
61523
61532
62135
62153
62315
62351
62513
62531
63125
63152
63215
63251
63512
63521
65123
65132
65213
65231
65312
65321
65556
65565
65655
66555
11112
11121
11211
12111
12346
12364
12436
12463
12634
12643
13246
13264
13426
13462
13624
13642
14236
14263
14326
14362
14623
14632
16234
16243
16324
16342
16423
16432
21111
21346
21364
21436
21463
21634
21643
22345
22354
22435
22453
22534
22543
23146
23164
23245
23254
23416
23425
23452
23461
23524
23542
23614
23641
24136
24163
24235
24253
24316
24325
24352
24361
24523
24532
24613
24631
25234
25243
25324
25342
25423
25432
26134
26143
26314
26341
26413
26431
31246
31264
31426
31462
31624
31642
32146
32164
32245
32254
32416
32425
32452
32461
32524
32542
32614
32641
34126
34162
34216
34225
34252
34261
34522
34612
34621
35224
35242
35422
36124
36142
36214
36241
36412
36421
41236
41263
41326
41362
41623
41632
42136
42163
42235
42253
42316
42325
42352
42361
42523
42532
42613
42631
43126
43162
43216
43225
43252
43261
43522
43612
43621
44666
45223
45232
45322
46123
46132
46213
46231
46312
46321
46466
46646
46664
52234
52243
52324
52342
52423
52432
53224
53242
53422
54223
54232
54322
61234
61243
61324
61342
61423
61432
62134
62143
62314
62341
62413
62431
63124
63142
63214
63241
63412
63421
64123
64132
64213
64231
64312
64321
64466
64646
64664
66446
66464
66644
555
12344
12434
12443
13244
13424
13442
14234
14243
14324
14342
14423
14432
21344
21434
21443
23144
23414
23441
24134
24143
24314
24341
24413
24431
31244
31424
31442
32144
32414
32441
33666
34124
34142
34214
34241
34412
34421
36366
36636
36663
41234
41243
41324
41342
41423
41432
42134
42143
42314
42341
42413
42431
43124
43142
43214
43241
43412
43421
44123
44132
44213
44231
44312
44321
44466
44646
44664
46446
46464
46644
63366
63636
63663
64446
64464
64644
66336
66363
66444
66633
5666
6566
6656
6665
12334
12343
12433
13234
13243
13324
13342
13423
13432
14233
14323
14332
21334
21343
21433
23134
23143
23314
23341
23413
23431
24133
24313
24331
31234
31243
31324
31342
31423
31432
32134
32143
32314
32341
32413
32431
33124
33142
33214
33241
33412
33421
34123
34132
34213
34231
34312
34321
41233
41323
41332
42133
42313
42331
43123
43132
43213
43231
43312
43321
44555
45455
45545
45554
54455
54545
54554
55445
55454
55544
4666
6466
6646
6664
12234
12243
12324
12342
12423
12432
13224
13242
13422
14223
14232
14322
21234
21243
21324
21342
21423
21432
22134
22143
22314
22341
22413
22431
22666
23124
23142
23214
23241
23412
23421
24123
24132
24213
24231
24312
24321
26266
26626
26662
31224
31242
31422
32124
32142
32214
32241
32412
32421
34122
34212
34221
41223
41232
41322
42123
42132
42213
42231
42312
42321
43122
43212
43221
44455
44545
44554
45445
45454
45544
54445
54454
54544
55444
62266
62626
62662
66226
66262
66622
345
354
435
453
534
543
444
3666
5556
5565
5655
6366
6555
6636
6663
11234
11243
11324
11342
11423
11432
12134
12143
12314
12341
12413
12431
13124
13142
13214
13241
13412
13421
14123
14132
14213
14231
14312
14321
21134
21143
21314
21341
21413
21431
23114
23141
23411
24113
24131
24311
31124
31142
31214
31241
31412
31421
32114
32141
32411
33366
33555
33636
33663
34112
34121
34211
35355
35535
35553
36336
36363
36633
41123
41132
41213
41231
41312
41321
42113
42131
42311
43112
43121
43211
53355
53535
53553
55335
55353
55533
63336
63363
63633
66333
2666
6266
6626
6662
11666
16166
16616
16661
61166
61616
61661
66116
66161
66611
1666
4555
5455
5545
5554
6166
6616
6661
22555
25255
25525
25552
33355
33535
33553
35335
35353
35533
52255
52525
52552
53335
53353
53533
55225
55252
55333
55522
5566
5656
5665
6556
6565
6655
234
243
324
342
423
432
333
3555
4446
4464
4644
5355
5535
5553
6444
22266
22626
22662
26226
26262
26622
33444
34344
34434
34443
43344
43434
43443
44334
44343
44433
62226
62262
62622
66222
2555
4445
4454
4544
5255
5444
5525
5552
11555
15155
15515
15551
33344
33434
33443
34334
34343
34433
43334
43343
43433
44333
45666
456
46566
465
46656
46665
51155
51515
51551
54666
546
55115
55151
55511
56466
564
56646
56664
64566
645
64656
64665
65466
654
65646
65664
66456
66465
66546
66564
66645
66654
4466
4646
4664
6446
6464
6644
1555
5155
5515
5551
22255
22444
22525
22552
24244
24424
24442
25225
25252
25522
35666
356
36566
365
36656
36665
42244
42424
42442
44224
44242
44422
45566
45656
45665
46556
46565
46655
52225
52252
52522
53666
536
54566
54656
54665
55222
55466
55646
55664
56366
563
56456
56465
56546
56564
56636
56645
56654
56663
63566
635
63656
63665
64556
64565
64655
65366
653
65456
65465
65546
65564
65636
65645
65654
65663
66356
66365
66455
66536
66545
66554
66563
66635
66653
2456
2465
2546
2564
2645
2654
3455
3545
3554
4256
4265
4355
4526
4535
4553
4562
4625
4652
5246
5264
5345
5354
5426
5435
5453
5462
5534
5543
5624
5642
6245
6254
6425
6452
6524
6542
222
3336
3363
3444
3633
4344
4434
4443
6333
11166
11616
11661
16116
16161
16611
25666
26566
26656
26665
34666
346
35566
35656
35665
36466
364
36556
36565
36646
36655
36664
43666
436
44566
44656
44665
45466
45556
45565
45646
45655
45664
46366
463
46456
46465
46546
46555
46564
46636
46645
46654
46663
52666
53566
53656
53665
54466
54556
54565
54646
54655
54664
55366
55456
55465
55546
55564
55636
55645
55654
55663
56266
56356
56365
56446
56455
56464
56536
56545
56554
56563
56626
56635
56644
56653
56662
61116
61161
61611
62566
62656
62665
63466
634
63556
63565
63646
63655
63664
64366
643
64456
64465
64546
64555
64564
64636
64645
64654
64663
65266
65356
65365
65446
65455
65464
65536
65545
65554
65563
65626
65635
65644
65653
65662
66111
66256
66265
66346
66355
66364
66436
66445
66454
66463
66526
66535
66544
66553
66562
66625
66634
66643
66652
3366
3636
3663
4455
4545
4554
5445
5454
5544
6336
6363
6633
245
254
425
452
524
542
2356
2365
2536
2563
2635
2653
3256
3265
3445
3454
3526
3544
3562
3625
3652
4345
4354
4435
4453
4534
4543
4566
4656
4665
5236
5263
5326
5344
5362
5434
5443
5466
5623
5632
5646
5664
6235
6253
6325
6352
6456
6465
6523
6532
6546
6564
6645
6654
34
43
2444
3335
3353
3533
4244
4424
4442
5333
11444
14144
14414
14441
15666
16566
16656
16665
22244
22424
22442
24224
24242
24422
24666
25566
25656
25665
26466
26556
26565
26646
26655
26664
35556
35565
35655
36555
41144
41414
41441
42224
42242
42422
42666
44114
44141
44222
44411
44556
44565
44655
45456
45465
45546
45564
45645
45654
46266
46455
46545
46554
46626
46662
51666
52566
52656
52665
53556
53565
53655
54456
54465
54546
54564
54645
54654
55266
55356
55365
55446
55464
55536
55563
55626
55635
55644
55653
55662
56166
56256
56265
56355
56445
56454
56526
56535
56544
56553
56562
56616
56625
56652
56661
566
61566
61656
61665
62466
62556
62565
62646
62655
62664
63555
64266
64455
64545
64554
64626
64662
65166
65256
65265
65355
65445
65454
65526
65535
65544
65553
65562
65616
65625
65652
65661
656
66156
66165
66246
66255
66264
66426
66462
66516
66525
66552
66561
665
66615
66624
66642
66651
66
45
54
235
253
325
352
523
532
2346
2364
2436
2463
2634
2643
3246
3264
3345
3354
3426
3435
3453
3462
3534
3543
3566
3624
3642
3656
3665
4236
4263
4326
4335
4353
4362
4533
4556
4565
4623
4632
4655
5334
5343
5366
5433
5456
5465
5546
5564
5636
5645
5654
5663
6234
6243
6324
6342
6356
6365
6423
6432
6455
6536
6545
6554
6563
6635
6653
1444
3334
3343
3433
4144
4333
4414
4441
11155
11515
11551
14666
15115
15151
15511
15566
15656
15665
16466
16556
16565
16646
16655
16664
22333
23233
23323
23332
23666
25556
25565
25655
26366
26555
26636
26663
32233
32323
32332
32666
33223
33232
33322
33566
33656
33665
34466
34646
34664
35366
35636
35663
36266
36356
36365
36446
36464
36536
36563
36626
36635
36644
36653
36662
41666
43466
43646
43664
44366
44456
44465
44546
44564
44636
44645
44654
44663
45446
45464
45644
46166
46346
46364
46436
46445
46454
46463
46544
46616
46634
46643
46661
466
51115
51151
51511
51566
51656
51665
52556
52565
52655
53366
53636
53663
54446
54464
54644
55111
55166
55256
55265
55526
55562
55616
55625
55652
55661
556
56156
56165
56255
56336
56363
56444
56516
56525
56552
56561
565
56615
56633
56651
61466
61556
61565
61646
61655
61664
62366
62555
62636
62663
63266
63356
63365
63446
63464
63536
63563
63626
63635
63644
63653
63662
64166
64346
64364
64436
64445
64454
64463
64544
64616
64634
64643
64661
646
65156
65165
65255
65336
65363
65444
65516
65525
65552
65561
655
65615
65633
65651
66146
66155
66164
66236
66263
66326
66335
66344
66353
66362
66416
66434
66443
66461
664
66515
66533
66551
66614
66623
66632
66641
35
53
2266
2626
2662
3355
3535
3553
5335
5353
5533
6226
6262
6622
55
455
545
554
56
65
3466
3556
3565
3646
3655
3664
4366
4456
4465
4546
4564
4636
4645
4654
4663
5356
5365
5446
5464
5536
5563
5635
5644
5653
6346
6355
6364
6436
6445
6454
6463
6535
6544
6553
6634
6643
111
2226
2262
2622
6222
13666
15556
15565
15655
16366
16555
16636
16663
22233
22323
22332
23223
23232
23322
24466
24646
24664
26446
26464
26644
31666
32223
32232
32322
33222
33466
33556
33565
33646
33655
33664
34366
34555
34636
34663
35356
35365
35455
35536
35545
35554
35563
35635
35653
36166
36346
36355
36364
36436
36463
36535
36553
36616
36634
36643
36661
366
42466
42646
42664
43366
43555
43636
43663
44266
44626
44662
45355
45535
45553
46246
46264
46336
46363
46426
46462
46624
46633
46642
51556
51565
51655
53356
53365
53455
53536
53545
53554
53563
53635
53653
54355
54535
54553
55156
55165
55336
55345
55354
55363
55435
55453
55516
55534
55543
55561
55615
55633
55651
56155
56335
56353
56515
56533
56551
61366
61555
61636
61663
62446
62464
62644
63166
63346
63355
63364
63436
63463
63535
63553
63616
63634
63643
63661
636
64246
64264
64336
64363
64426
64462
64624
64633
64642
65155
65335
65353
65515
65533
65551
66136
66163
66244
66316
66334
66343
66361
663
66424
66433
66442
66613
66631
355
445
454
535
544
553
44
46
64
4
1345
1354
1435
1453
1534
1543
2344
2434
2443
3145
3154
3244
3415
3424
3442
3451
3514
3541
4135
4153
4234
4243
4315
4324
4342
4351
4423
4432
4513
4531
5134
5143
5314
5341
5413
5431
344
434
443
2225
2252
2333
2522
3233
3323
3332
5222
5
11144
11333
11414
11441
12666
13133
13313
13331
14114
14141
14411
14466
14646
14664
16266
16446
16464
16626
16644
16662
21666
22566
22656
22665
24555
25266
25455
25545
25554
25626
25662
26166
26256
26265
26526
26562
26616
26625
26652
26661
31133
31313
31331
33113
33131
33311
34446
34455
34464
34545
34554
34644
35445
35454
35544
36444
41114
41141
41411
41466
41646
41664
42555
43446
43455
43464
43545
43554
43644
44111
44166
44346
44355
44364
44436
44463
44535
44553
44616
44634
44643
44661
446
45255
45345
45354
45435
45453
45525
45534
45543
45552
46146
46164
46344
46416
46434
46443
46461
464
46614
46641
52266
52455
52545
52554
52626
52662
53445
53454
53544
54255
54345
54354
54435
54453
54525
54534
54543
54552
55245
55254
55344
55425
55434
55443
55452
55524
55542
56226
56262
56622
61266
61446
61464
61626
61644
61662
62166
62256
62265
62526
62562
62616
62625
62652
62661
63444
64146
64164
64344
64416
64434
64443
64461
644
64614
64641
65226
65262
65622
66126
66144
66162
66216
66225
66252
66261
66414
66441
66522
66612
66621
24
42
1166
1616
1661
2255
2525
2552
3344
3434
3443
4334
4343
4433
5225
5252
5522
6116
6161
6611
36
63
3
1245
1254
1425
1452
1524
1542
2145
2154
2334
2343
2415
2433
2451
2514
2541
3234
3243
3324
3342
3356
3365
3423
3432
3446
3464
3536
3563
3635
3644
3653
4125
4152
4215
4233
4251
4323
4332
4346
4364
4436
4463
4512
4521
4634
4643
5124
5142
5214
5241
5336
5363
5412
5421
5633
6335
6344
6353
6434
6443
6533
334
343
433
6
1333
2224
2242
2422
3133
3313
3331
4222
134
143
14555
15455
15545
15554
22466
22556
22565
22646
22655
22664
23366
23555
23636
23663
24266
24446
24455
24464
24545
24554
24626
24644
24662
25256
25265
25355
25445
25454
25526
25535
25544
25553
25562
25625
25652
26246
26255
26264
26336
26363
26426
26444
26462
26525
26552
26624
26633
26642
314
32366
32555
32636
32663
33266
33356
33365
33446
33455
33464
33536
33545
33554
33563
33626
33635
33644
33653
33662
341
34346
34355
34364
34436
34445
34454
34463
34535
34544
34553
34634
34643
35255
35336
35345
35354
35363
35435
35444
35453
35525
35534
35543
35552
35633
36236
36263
36326
36335
36344
36353
36362
36434
36443
36533
36623
36632
413
41555
42266
42446
42455
42464
42545
42554
42626
42644
42662
431
43346
43355
43364
43436
43445
43454
43463
43535
43544
43553
43634
43643
44246
44255
44264
44336
44345
44354
44363
44426
44435
44453
44462
44525
44534
44543
44552
44624
44633
44642
45155
45245
45254
45335
45344
45353
45425
45434
45443
45452
45515
45524
45533
45542
45551
46226
46244
46262
46334
46343
46424
46433
46442
46622
51455
51545
51554
52256
52265
52355
52445
52454
52526
52535
52544
52553
52562
52625
52652
53255
53336
53345
53354
53363
53435
53444
53453
53525
53534
53543
53552
53633
54155
54245
54254
54335
54344
54353
54425
54434
54443
54452
54515
54524
54533
54542
54551
55145
55154
55226
55235
55244
55253
55262
55325
55334
55343
55352
55415
55424
55433
55442
55451
55514
55523
55532
55541
55622
56225
56252
56333
56522
62246
62255
62264
62336
62363
62426
62444
62462
62525
62552
62624
62633
62642
63236
63263
63326
63335
63344
63353
63362
63434
63443
63533
63623
63632
64226
64244
64262
64334
64343
64424
64433
64442
64622
65225
65252
65333
65522
66224
66233
66242
66323
66332
66422
23
32
335
353
533
33
1235
1253
1325
1352
1456
1465
1523
1532
1546
1564
1645
1654
2135
2153
2234
2243
2315
2324
2342
2351
2423
2432
2455
2513
2531
2545
2554
3125
3152
3215
3224
3242
3251
3346
3364
3422
3436
3463
3512
3521
3634
3643
4156
4165
4223
4232
4255
4322
4336
4363
4516
4525
4552
4561
4615
4633
4651
5123
5132
5146
5164
5213
5231
5245
5254
5312
5321
5416
5425
5452
5461
5524
5542
5614
5641
6145
6154
6334
6343
6415
6433
6451
6514
6541
25
52
266
626
662
1116
1161
1611
2223
2232
2322
256
265
3222
526
562
6111
625
652
11133
11313
11331
11566
11656
11665
124
13113
13131
13311
13366
13555
13636
13663
142
14446
14455
14464
14545
14554
14644
15166
15355
15445
15454
15535
15544
15553
15616
15661
16156
16165
16336
16363
16444
16516
16561
16615
16633
16651
214
22366
22636
22663
23266
23626
23662
241
24445
24454
24544
25444
255
26236
26263
26326
26362
26623
26632
31113
31131
31311
31366
31555
31636
31663
32266
32626
32662
33111
33166
33346
33364
33436
33445
33454
33463
33544
33616
33634
33643
33661
336
34336
34345
34354
34363
34435
34453
34534
34543
34633
35155
35344
35434
35443
35515
35551
36136
36163
36226
36262
36316
36334
36343
36361
363
36433
36613
36622
36631
412
41446
41455
41464
41545
41554
41644
421
42445
42454
42544
43336
43345
43354
43363
43435
43453
43534
43543
43633
44146
44155
44164
44245
44254
44335
44353
44416
44425
44452
44461
44515
44524
44533
44542
44551
44614
44641
45145
45154
45244
45334
45343
45415
45424
45433
45442
45451
45514
45541
46144
46333
46414
46441
51166
51355
51445
51454
51535
51544
51553
51616
51661
52444
525
53155
53344
53434
53443
53515
53551
54145
54154
54244
54334
54343
54415
54424
54433
54442
54451
54514
54541
55135
55144
55153
552
55315
55351
55414
55441
55513
55531
56116
56161
56611
61156
61165
61336
61363
61444
61516
61561
61615
61633
61651
62236
62263
62326
62362
62623
62632
63136
63163
63226
63262
63316
63334
63343
63361
633
63433
63613
63622
63631
64144
64333
64414
64441
65116
65161
65611
66115
66133
66151
66223
66232
66313
66322
66331
66511
1155
1515
1551
2244
2424
2442
4224
4242
4422
5115
5151
5511
244
424
442
1356
1365
1536
1563
1635
1653
2355
2445
2454
2535
2544
2553
3156
3165
3255
3516
3525
3552
3561
3615
3651
4245
4254
4425
4452
4524
4542
5136
5163
5235
5244
5253
5316
5325
5352
5361
5424
5442
5523
5532
5613
5631
6135
6153
6315
6351
6513
6531
166
616
661
1115
1151
1511
246
264
426
462
5111
624
642
2
11222
11466
11556
11565
11646
11655
11664
12122
12212
12221
123
12555
132
14166
14445
14454
14544
14616
14661
15156
15165
15255
15444
15516
15525
15552
15561
15615
15651
16146
16155
16164
16416
16461
16515
16551
16614
16641
21122
21212
21221
213
21555
22112
22121
22211
22446
22455
22464
22545
22554
22644
231
23355
23535
23553
24246
24255
24264
24426
24462
24525
24552
24624
24642
25155
25245
25254
25335
25353
25425
25452
25515
25524
25533
25542
25551
26244
26424
26442
312
321
32355
32535
32553
33255
33345
33354
33435
33453
33525
33534
33543
33552
34335
34353
34533
35235
35253
35325
35334
35343
35352
35433
35523
35532
41166
41445
41454
41544
41616
41661
42246
42255
42264
42426
42462
42525
42552
42624
42642
43335
43353
43533
44145
44154
44226
44262
44415
44451
44514
44541
44622
45144
45225
45252
45333
45414
45441
45522
46116
46161
46224
46242
46422
46611
51156
51165
51255
51444
51516
51525
51552
51561
51615
51651
52155
52245
52254
52335
52353
52425
52452
52515
52524
52533
52542
52551
53235
53253
53325
53334
53343
53352
53433
53523
53532
54144
54225
54252
54333
54414
54441
54522
55116
55125
55152
55161
55215
55224
55233
55242
55251
55323
55332
55422
55512
55521
55611
56115
56151
56511
61146
61155
61164
61416
61461
61515
61551
61614
61641
62244
62424
62442
64116
64161
64224
64242
64422
64611
65115
65151
65511
66114
66141
66411
1256
1265
1346
1364
1436
1463
1526
1562
1625
1634
1643
1652
2156
2165
2516
2561
2566
2615
2651
2656
2665
3146
3164
3416
3461
3614
3641
4136
4163
4316
4361
4613
4631
5126
5162
5216
5261
5266
5612
5621
5626
5662
6125
6134
6143
6152
6215
6251
6256
6265
6314
6341
6413
6431
6512
6521
6526
6562
6625
6652
1114
1141
1222
1411
2122
2212
2221
236
263
326
362
4111
623
632
26
62
11122
11212
11221
11366
11636
11663
12112
12121
12211
12266
12626
12662
13166
13355
13535
13553
13616
13661
15335
15353
15533
16136
16163
16226
16262
16316
16361
16613
16622
16631
21112
21121
21211
21266
21626
21662
22111
22166
22256
22265
22355
22445
22454
22526
22535
22544
22553
22562
22616
22625
22652
22661
23255
23336
23363
23444
23525
23552
23633
24245
24254
24344
24425
24434
24443
24452
24524
24542
25226
25235
25244
25253
25262
25325
25352
25424
25442
25523
25532
25622
26126
26162
26216
26225
26252
26261
26333
26522
26612
26621
31166
31355
31535
31553
31616
31661
32255
32336
32363
32444
32525
32552
32633
33155
33236
33263
33326
33362
33515
33551
33623
33632
34244
34424
34442
35135
35153
35225
35252
35315
35351
35513
35522
35531
36116
36161
36233
36323
36332
36611
42245
42254
42344
42425
42434
42443
42452
42524
42542
43244
43424
43442
44225
44234
44243
44252
44324
44342
44423
44432
44522
45224
45242
45422
51335
51353
51533
52226
52235
52244
52253
52262
52325
52352
52424
52442
52523
52532
52622
53135
53153
53225
53252
53315
53351
53513
53522
53531
54224
54242
54422
55133
55223
55232
55313
55322
55331
56222
61136
61163
61226
61262
61316
61361
61613
61622
61631
62126
62162
62216
62225
62252
62261
62333
62522
62612
62621
63116
63161
63233
63323
63332
63611
65222
66113
66122
66131
66212
66221
66311
1144
1414
1441
2233
2323
2332
3223
3232
3322
4114
4141
4411
22
224
233
242
323
332
422
14
41
1246
1264
1426
1462
1566
156
1624
1642
1656
165
1665
2146
2164
2245
2254
2335
2353
2416
2425
2452
2461
2466
2524
2533
2542
2556
2565
2614
2641
2646
2655
2664
3235
3253
3325
3352
3523
3532
4126
4162
4216
4225
4252
4261
4266
4522
4612
4621
4626
4662
5166
516
5224
5233
5242
5256
5265
5323
5332
5422
5526
5562
5616
561
5625
5652
5661
6124
6142
6156
615
6165
6214
6241
6246
6255
6264
6412
6421
6426
6462
6516
651
6525
6552
6561
6615
6624
6642
6651
155
515
551
1113
1131
1311
145
154
3111
415
451
514
541
11266
11446
11455
11464
11545
11554
11626
11644
11662
12166
12616
12661
13336
13363
13444
13633
14146
14155
14164
14344
14416
14434
14443
14461
144
14515
14551
14614
14641
15145
15154
15415
15451
15514
15541
16126
16144
16162
16216
16261
16333
16414
16441
16612
16621
21166
21616
21661
22246
22264
22336
22363
22426
22462
225
22624
22633
22642
23236
23263
23326
23335
23344
23353
23362
23434
23443
23533
23623
23632
24226
24262
24334
24343
24433
24622
252
25333
26116
26161
26224
26233
26242
26323
26332
26422
26611
31336
31363
31444
31633
32236
32263
32326
32335
32344
32353
32362
32434
32443
32533
32623
32632
33136
33163
33226
33235
33244
33253
33262
33316
33325
33352
33361
33424
33442
33523
33532
33613
33622
33631
34144
34234
34243
34324
34342
34414
34423
34432
34441
35233
35323
35332
36133
36223
36232
36313
36322
36331
41146
41155
41164
41344
41416
41434
41443
41461
414
41515
41551
41614
41641
42226
42262
42334
42343
42433
42622
43144
43234
43243
43324
43342
43414
43423
43432
43441
44116
44134
44143
44161
441
44233
44314
44323
44332
44341
44413
44431
44611
45115
45151
45511
46114
46141
46222
46411
51145
51154
51415
51451
51514
51541
522
52333
53233
53323
53332
54115
54151
54511
55114
55141
55411
61126
61144
61162
61216
61261
61333
61414
61441
61612
61621
62116
62161
62224
62233
62242
62323
62332
62422
62611
63133
63223
63232
63313
63322
63331
64114
64141
64222
64411
66112
66121
66211
223
232
322
13
31
1236
1263
1326
1344
1362
1434
1443
1466
146
1556
1565
1623
1632
1646
164
1655
1664
2136
2163
2235
2253
2316
2325
2352
2361
2366
2523
2532
2613
2631
2636
2663
3126
3144
3162
3216
3225
3252
3261
3266
3414
3441
3522
3612
3621
3626
3662
4134
4143
4166
416
4314
4341
4413
4431
4616
461
4661
5156
5165
5223
5232
5322
5516
5561
5615
5651
6123
6132
6146
614
6155
6164
6213
6231
6236
6263
6312
6321
6326
6362
6416
641
6461
6515
6551
6614
6623
6632
6641
226
262
622
16
61
1
1112
1121
1211
135
153
2111
315
351
513
531
15
51
11355
11445
11454
11535
11544
11553
12255
12444
12525
12552
13155
13335
13344
13353
13434
13443
13515
13533
13551
14145
14154
14244
14334
14343
14415
14424
14433
14442
14451
14514
14541
15135
15144
15153
15225
15252
15315
15333
15351
15414
15441
15513
15522
15531
21255
21444
21525
21552
22155
22236
22245
22254
22263
22326
22335
22344
22353
22362
22425
22434
22443
22452
22515
22524
22533
22542
22551
22623
22632
23226
23235
23244
23253
23262
23325
23334
23343
23352
23424
23433
23442
23523
23532
23622
24144
24225
24234
24243
24252
24324
24333
24342
24414
24423
24432
24441
24522
25125
25152
25215
25224
25233
25242
25251
25323
25332
25422
25512
25521
26223
26232
26322
31155
31335
31344
31353
31434
31443
31515
31533
31551
32226
32235
32244
32253
32262
32325
32334
32343
32352
32424
32433
32442
32523
32532
32622
33135
33144
33153
33225
33234
33243
33252
33315
33324
33342
33351
33414
33423
33432
33441
33513
33522
33531
34134
34143
34224
34233
34242
34314
34323
34332
34341
34413
34422
34431
35115
35133
35151
35223
35232
35313
35322
35331
35511
36222
41145
41154
41244
41334
41343
41415
41424
41433
41442
41451
41514
41541
42144
42225
42234
42243
42252
42324
42333
42342
42414
42423
42432
42441
42522
43134
43143
43224
43233
43242
43314
43323
43332
43341
43413
43422
43431
44115
44124
44133
44142
44151
44214
44223
44232
44241
44313
44322
44331
44412
44421
44511
45114
45141
45222
45411
51135
51144
51153
51225
51252
51315
51333
51351
51414
51441
51513
51522
51531
52125
52152
52215
52224
52233
52242
52251
52323
52332
52422
52512
52521
53115
53133
53151
53223
53232
53313
53322
53331
53511
54114
54141
54222
54411
55113
55122
55131
55212
55221
55311
62223
62232
62322
63222
1133
1313
1331
3113
3131
3311
12
21
1244
1334
1343
1366
136
1424
1433
1442
1636
163
1663
2144
2414
2441
2446
2464
2644
3134
3143
3166
316
3314
3341
3413
3431
3616
361
3661
4124
4133
4142
4214
4241
4246
4264
4313
4331
4412
4421
4426
4462
4624
4642
6136
613
6163
6244
6316
631
6361
6424
6442
6613
6631
125
152
215
251
512
521
11156
11165
11255
11336
11363
11516
11525
11552
11561
11615
11633
11651
12155
12515
12551
13136
13163
13316
13334
13343
13361
133
13433
13613
13631
14333
15116
15125
15152
15161
15215
15251
15512
15521
15611
16115
16133
16151
16313
16331
16511
21155
21515
21551
22235
22253
22325
22334
22343
22352
22433
22523
22532
23225
23234
23243
23252
23324
23342
23423
23432
23522
24233
24323
24332
25115
25151
25223
25232
25322
25511
31136
31163
31316
31334
31343
31361
313
31433
31613
31631
32225
32234
32243
32252
32324
32342
32423
32432
32522
33116
33134
33143
33161
331
33224
33242
33314
33341
33413
33422
33431
33611
34133
34223
34232
34313
34322
34331
35222
36113
36131
36311
41333
42233
42323
42332
43133
43223
43232
43313
43322
43331
51116
51125
51152
51161
51215
51251
51512
51521
51611
52115
52151
52223
52232
52322
52511
53222
55112
55121
55211
56111
61115
61133
61151
61313
61331
61511
63113
63131
63311
65111
11
1266
126
1446
1455
1464
1545
1554
1626
162
1644
1662
2166
216
2256
2265
2526
2562
2616
261
2625
2652
2661
4146
4155
4164
4416
4461
4515
4551
4614
4641
5145
5154
5226
5262
5415
5451
5514
5541
5622
6126
612
6144
6162
6216
621
6225
6252
6261
6414
6441
6522
6612
6621
116
161
611
11146
11164
11335
11344
11353
11416
11434
11443
11461
114
11533
11614
11641
12226
12244
12262
12424
12442
12622
13135
13144
13153
13315
13351
13414
13441
13513
13531
14116
14134
14143
14161
141
14224
14242
14314
14341
14413
14422
14431
14611
15133
15313
15331
16114
16141
16222
16411
21226
21244
21262
21424
21442
21622
22126
22144
22162
22216
22234
22243
22261
22324
22342
22414
22423
22432
22441
22612
22621
23224
23242
23422
24124
24142
24214
24223
24232
24241
24322
24412
24421
24566
24656
24665
25466
25646
25664
26122
26212
26221
26456
26465
26546
26564
26645
26654
31135
31144
31153
31315
31351
31414
31441
31513
31531
32224
32242
32422
33115
33151
33511
34114
34141
34222
34411
35113
35131
35311
41116
41134
41143
41161
411
41224
41242
41314
41341
41413
41422
41431
41611
42124
42142
42214
42223
42232
42241
42322
42412
42421
42566
42656
42665
43114
43141
43222
43411
44113
44122
44131
44212
44221
44311
45266
45626
45662
46111
46256
46265
46526
46562
46625
46652
51133
51313
51331
52466
52646
52664
53113
53131
53311
54266
54626
54662
56246
56264
56426
56462
56624
56642
61114
61141
61222
61411
62122
62212
62221
62456
62465
62546
62564
62645
62654
64111
64256
64265
64526
64562
64625
64652
65246
65264
65426
65462
65624
65642
66245
66254
66425
66452
66524
66542
1122
1212
1221
2112
2121
2211
1134
1143
1224
1233
1242
1314
1323
1332
1341
1355
1413
1422
1431
1445
1454
1535
1544
1553
2124
2133
2142
2214
2241
2246
2264
2313
2331
2336
2363
2412
2421
2426
2462
2624
2633
2642
3114
3123
3132
3141
3155
3213
3231
3236
3263
3312
3321
3326
3362
3411
3515
3551
3623
3632
4113
4122
4131
4145
4154
4212
4221
4226
4262
4311
4415
4451
4514
4541
4622
5135
5144
5153
5315
5351
5414
5441
5513
5531
6224
6233
6242
6323
6332
6422
115
151
511
11136
11145
11154
11163
11226
11244
11262
11316
11334
11343
11361
113
11415
11424
11433
11442
11451
11514
11541
11613
11622
11631
12126
12144
12162
12216
12225
12252
12261
122
12333
12414
12441
12522
12612
12621
13116
13134
13143
13161
131
13233
13314
13323
13332
13341
13413
13431
13611
14115
14124
14133
14142
14151
14214
14241
14313
14331
14412
14421
14511
14566
14656
14665
15114
15141
15222
15411
15466
15646
15664
16113
16122
16131
16212
16221
16311
16456
16465
16546
16564
16645
16654
21126
21144
21162
21216
21225
21252
21261
212
21333
21414
21441
21522
21612
21621
22116
22125
22152
22161
221
22215
22251
22512
22521
22611
23133
23313
23331
23566
23656
23665
24114
24141
24411
24556
24565
24655
25122
25212
25221
25366
25456
25465
25546
25564
25636
25645
25654
25663
26112
26121
26211
26356
26365
26455
26536
26545
26554
26563
26635
26653
31116
31134
31143
31161
311
31233
31314
31323
31332
31341
31413
31431
31611
32133
32313
32331
32566
32656
32665
33114
33123
33132
33141
33213
33231
33312
33321
33411
34113
34131
34311
35266
35626
35662
36111
36256
36265
36526
36562
36625
36652
41115
41124
41133
41142
41151
41214
41241
41313
41331
41412
41421
41511
41566
41656
41665
42114
42141
42411
42556
42565
42655
43113
43131
43311
44112
44121
44211
45111
45166
45256
45265
45526
45562
45616
45625
45652
45661
46156
46165
46255
46516
46525
46552
46561
46615
46651
51114
51141
51222
51411
51466
51646
51664
52122
52212
52221
52366
52456
52465
52546
52564
52636
52645
52654
52663
53266
53626
53662
54111
54166
54256
54265
54526
54562
54616
54625
54652
54661
55246
55264
55426
55462
55624
55642
56146
56164
56236
56245
56254
56263
56326
56362
56416
56425
56452
56461
56524
56542
56614
56623
56632
56641
61113
61122
61131
61212
61221
61311
61456
61465
61546
61564
61645
61654
62112
62121
62211
62356
62365
62455
62536
62545
62554
62563
62635
62653
63111
63256
63265
63526
63562
63625
63652
64156
64165
64255
64516
64525
64552
64561
64615
64651
65146
65164
65236
65245
65254
65263
65326
65362
65416
65425
65452
65461
65524
65542
65614
65623
65632
65641
66145
66154
66235
66253
66325
66352
66415
66451
66514
66523
66532
66541
1124
1142
1156
1165
1214
1223
1232
1241
1255
1322
1336
1363
1412
1421
1516
1525
1552
1561
1615
1633
1651
2114
2123
2132
2141
2155
2213
2231
2236
2263
2312
2321
2326
2362
2411
2515
2551
2623
2632
3122
3136
3163
3212
3221
3226
3262
3316
3361
3613
3622
3631
4112
4121
4211
5116
5125
5152
5161
5215
5251
5512
5521
5611
6115
6133
6151
6223
6232
6313
6322
6331
6511
11126
11135
11153
11162
11216
11225
11252
11261
112
11315
11351
11513
11522
11531
11612
11621
12116
12125
12152
12161
121
12215
12224
12233
12242
12251
12323
12332
12422
12512
12521
12611
13115
13151
13223
13232
13322
13511
13566
13656
13665
14222
14556
14565
14655
15113
15122
15131
15212
15221
15311
15366
15456
15465
15546
15564
15636
15645
15654
15663
16112
16121
16211
16356
16365
16455
16536
16545
16554
16563
16635
16653
21116
21125
21152
21161
211
21215
21224
21233
21242
21251
21323
21332
21422
21512
21521
21611
22115
22124
22133
22142
22151
22214
22241
22313
22331
22412
22421
22511
23123
23132
23213
23231
23312
23321
23466
23556
23565
23646
23655
23664
24122
24212
24221
24366
24456
24465
24546
24564
24636
24645
24654
24663
25112
25121
25211
25356
25365
25446
25464
25536
25563
25635
25644
25653
26111
26346
26355
26364
26436
26445
26454
26463
26535
26544
26553
26634
26643
31115
31151
31223
31232
31322
31511
31566
31656
31665
32123
32132
32213
32231
32312
32321
32466
32556
32565
32646
32655
32664
33122
33212
33221
34266
34626
34662
35111
35166
35256
35265
35526
35562
35616
35625
35652
35661
36156
36165
36246
36255
36264
36426
36462
36516
36525
36552
36561
36615
36624
36642
36651
41222
41556
41565
41655
42122
42212
42221
42366
42456
42465
42546
42564
42636
42645
42654
42663
43266
43626
43662
44256
44265
44526
44562
44625
44652
45156
45165
45246
45264
45426
45462
45516
45561
45615
45624
45642
45651
46155
46236
46245
46254
46263
46326
46362
46425
46452
46515
46524
46542
46551
46623
46632
51113
51122
51131
51212
51221
51311
51366
51456
51465
51546
51564
51636
51645
51654
51663
52112
52121
52211
52356
52365
52446
52464
52536
52563
52635
52644
52653
53111
53166
53256
53265
53526
53562
53616
53625
53652
53661
54156
54165
54246
54264
54426
54462
54516
54561
54615
54624
54642
54651
55146
55164
55236
55263
55326
55362
55416
55461
55614
55623
55632
55641
56136
56145
56154
56163
56235
56244
56253
56316
56325
56352
56361
56415
56424
56442
56451
56514
56523
56532
56541
56613
56631
61112
61121
61211
61356
61365
61455
61536
61545
61554
61563
61635
61653
62111
62346
62355
62364
62436
62445
62454
62463
62535
62544
62553
62634
62643
63156
63165
63246
63255
63264
63426
63462
63516
63525
63552
63561
63615
63624
63642
63651
64155
64236
64245
64254
64263
64326
64362
64425
64452
64515
64524
64542
64551
64623
64632
65136
65145
65154
65163
65235
65244
65253
65316
65325
65352
65361
65415
65424
65442
65451
65514
65523
65532
65541
65613
65631
66135
66153
66234
66243
66315
66324
66342
66351
66423
66432
66513
66531
1123
1132
1146
1164
1213
1231
1312
1321
1335
1353
1416
1461
1533
1614
1641
2113
2131
2311
3112
3121
3135
3153
3211
3315
3351
3513
3531
4116
4161
4611
5133
5313
5331
6114
6141
6411
11125
11134
11143
11152
11215
11224
11233
11242
11251
11314
11323
11332
11341
11413
11422
11431
11512
11521
12115
12124
12133
12142
12151
12214
12223
12232
12241
12313
12322
12331
12412
12421
12511
12566
12656
12665
13114
13123
13132
13141
13213
13222
13231
13312
13321
13411
13466
13556
13565
13646
13655
13664
14113
14122
14131
14212
14221
14311
14366
14456
14465
14546
14564
14636
14645
14654
14663
15112
15121
15211
15266
15356
15365
15446
15464
15536
15563
15626
15635
15644
15653
15662
16256
16265
16346
16355
16364
16436
16445
16454
16463
16526
16535
16544
16553
16562
16625
16634
16643
16652
21115
21124
21133
21142
21151
21214
21223
21232
21241
21313
21322
21331
21412
21421
21511
21566
21656
21665
22114
22123
22132
22141
22213
22231
22312
22321
22411
23113
23122
23131
23212
23221
23311
24112
24121
24211
25111
25166
25616
25661
26156
26165
26516
26561
26615
26651
31114
31123
31132
31141
31213
31222
31231
31312
31321
31411
31466
31556
31565
31646
31655
31664
32113
32122
32131
32212
32221
32311
33112
33121
33211
34111
34166
34616
34661
35156
35165
35516
35561
35615
35651
36146
36155
36164
36416
36461
36515
36551
36614
36641
41113
41122
41131
41212
41221
41311
41366
41456
41465
41546
41564
41636
41645
41654
41663
42112
42121
42211
43111
43166
43616
43661
44156
44165
44516
44561
44615
44651
45146
45164
45416
45461
45614
45641
46136
46145
46154
46163
46316
46361
46415
46451
46514
46541
46613
46631
51112
51121
51211
51266
51356
51365
51446
51464
51536
51563
51626
51635
51644
51653
51662
52111
52166
52616
52661
53156
53165
53516
53561
53615
53651
54146
54164
54416
54461
54614
54641
55136
55163
55316
55361
55613
55631
56126
56135
56144
56153
56162
56216
56261
56315
56351
56414
56441
56513
56531
56612
56621
61256
61265
61346
61355
61364
61436
61445
61454
61463
61526
61535
61544
61553
61562
61625
61634
61643
61652
62156
62165
62516
62561
62615
62651
63146
63155
63164
63416
63461
63515
63551
63614
63641
64136
64145
64154
64163
64316
64361
64415
64451
64514
64541
64613
64631
65126
65135
65144
65153
65162
65216
65261
65315
65351
65414
65441
65513
65531
65612
65621
66125
66134
66143
66152
66215
66251
66314
66341
66413
66431
66512
66521
1136
1145
1154
1163
1226
1262
1316
1361
1415
1451
1514
1541
1613
1622
1631
2126
2162
2216
2261
2612
2621
3116
3161
3611
4115
4151
4511
5114
5141
5411
6113
6122
6131
6212
6221
6311
11124
11142
11214
11223
11232
11241
11322
11412
11421
12114
12123
12132
12141
12213
12231
12312
12321
12411
12466
12556
12565
12646
12655
12664
13122
13212
13221
14112
14121
14211
14266
14626
14662
15256
15265
15526
15562
15625
15652
16246
16255
16264
16426
16462
16525
16552
16624
16642
21114
21123
21132
21141
21213
21231
21312
21321
21411
21466
21556
21565
21646
21655
21664
22113
22131
22311
22456
22465
22546
22564
22645
22654
23112
23121
23211
23356
23365
23446
23464
23536
23563
23635
23644
23653
24111
24166
24256
24265
24346
24364
24436
24463
24526
24562
24616
24625
24634
24643
24652
24661
25156
25165
25246
25264
25336
25363
25426
25462
25516
25561
25615
25624
25633
25642
25651
26146
26155
26164
26245
26254
26335
26344
26353
26416
26425
26434
26443
26452
26461
26515
26524
26533
26542
26551
26614
26641
31122
31212
31221
32112
32121
32211
32356
32365
32446
32464
32536
32563
32635
32644
32653
33256
33265
33526
33562
33625
33652
34246
34264
34426
34462
34624
34642
35236
35263
35326
35362
35623
35632
36235
36244
36253
36325
36352
36424
36442
36523
36532
41112
41121
41211
41266
41626
41662
42111
42166
42256
42265
42346
42364
42436
42463
42526
42562
42616
42625
42634
42643
42652
42661
43246
43264
43426
43462
43624
43642
44236
44263
44326
44362
44623
44632
45226
45262
45622
46126
46162
46216
46225
46234
46243
46252
46261
46324
46342
46423
46432
46522
46612
46621
51256
51265
51526
51562
51625
51652
52156
52165
52246
52264
52336
52363
52426
52462
52516
52561
52615
52624
52633
52642
52651
53236
53263
53326
53362
53623
53632
54226
54262
54622
55126
55162
55216
55261
55612
55621
56125
56152
56215
56224
56233
56242
56251
56323
56332
56422
56512
56521
61246
61255
61264
61426
61462
61525
61552
61624
61642
62146
62155
62164
62245
62254
62335
62344
62353
62416
62425
62434
62443
62452
62461
62515
62524
62533
62542
62551
62614
62641
63235
63244
63253
63325
63352
63424
63442
63523
63532
64126
64162
64216
64225
64234
64243
64252
64261
64324
64342
64423
64432
64522
64612
64621
65125
65152
65215
65224
65233
65242
65251
65323
65332
65422
65512
65521
66124
66142
66214
66241
66412
66421
1126
1135
1153
1162
1216
1225
1252
1261
1315
1351
1513
1522
1531
1612
1621
2116
2125
2152
2161
2215
2251
2512
2521
2611
3115
3151
3511
5113
5122
5131
5212
5221
5311
6112
6121
6211
11123
11132
11213
11231
11312
11321
12113
12131
12311
12366
12636
12663
13112
13121
13211
13266
13356
13365
13446
13455
13464
13536
13545
13554
13563
13626
13635
13644
13653
13662
14346
14355
14364
14436
14463
14535
14553
14634
14643
15336
15345
15354
15363
15435
15453
15534
15543
15633
16236
16263
16326
16335
16344
16353
16362
16434
16443
16533
16623
16632
21113
21131
21311
21366
21636
21663
22356
22365
22536
22563
22635
22653
23111
23166
23256
23265
23346
23364
23436
23463
23526
23562
23616
23625
23634
23643
23652
23661
24336
24363
24633
25236
25263
25326
25362
25623
25632
26136
26163
26235
26253
26316
26325
26334
26343
26352
26361
26433
26523
26532
26613
26631
31112
31121
31211
31266
31356
31365
31446
31455
31464
31536
31545
31554
31563
31626
31635
31644
31653
31662
32111
32166
32256
32265
32346
32364
32436
32463
32526
32562
32616
32625
32634
32643
32652
32661
33156
33165
33246
33264
33426
33462
33516
33561
33615
33624
33642
33651
34146
34155
34164
34236
34263
34326
34362
34416
34461
34515
34551
34614
34623
34632
34641
35136
35145
35154
35163
35226
35262
35316
35361
35415
35451
35514
35541
35613
35622
35631
36126
36135
36144
36153
36162
36216
36225
36234
36243
36252
36261
36315
36324
36342
36351
36414
36423
36432
36441
36513
36522
36531
36612
36621
41346
41355
41364
41436
41463
41535
41553
41634
41643
42336
42363
42633
43146
43155
43164
43236
43263
43326
43362
43416
43461
43515
43551
43614
43623
43632
43641
44136
44163
44316
44361
44613
44631
45135
45153
45315
45351
45513
45531
46134
46143
46233
46314
46323
46332
46341
46413
46431
51336
51345
51354
51363
51435
51453
51534
51543
51633
52236
52263
52326
52362
52623
52632
53136
53145
53154
53163
53226
53262
53316
53361
53415
53451
53514
53541
53613
53622
53631
54135
54153
54315
54351
54513
54531
55134
55143
55314
55341
55413
55431
56133
56223
56232
56313
56322
56331
61236
61263
61326
61335
61344
61353
61362
61434
61443
61533
61623
61632
62136
62163
62235
62253
62316
62325
62334
62343
62352
62361
62433
62523
62532
62613
62631
63126
63135
63144
63153
63162
63216
63225
63234
63243
63252
63261
63315
63324
63342
63351
63414
63423
63432
63441
63513
63522
63531
63612
63621
64134
64143
64233
64314
64323
64332
64341
64413
64431
65133
65223
65232
65313
65322
65331
66123
66132
66213
66231
66312
66321
1125
1152
1215
1251
1512
1521
2115
2151
2511
5112
5121
5211
11456
11465
11546
11564
11645
11654
12446
12455
12464
12545
12554
12644
13346
13364
13436
13445
13454
13463
13544
13634
13643
14156
14165
14246
14255
14264
14336
14345
14354
14363
14426
14435
14453
14462
14516
14525
14534
14543
14552
14561
14615
14624
14633
14642
14651
15146
15164
15245
15254
15344
15416
15425
15434
15443
15452
15461
15524
15542
15614
15641
16145
16154
16244
16334
16343
16415
16424
16433
16442
16451
16514
16541
21446
21455
21464
21545
21554
21644
22346
22364
22436
22463
22634
22643
23246
23264
23426
23462
23624
23642
24146
24155
24164
24236
24263
24326
24362
24416
24461
24515
24551
24614
24623
24632
24641
25145
25154
25415
25451
25514
25541
26144
26234
26243
26324
26342
26414
26423
26432
26441
31346
31364
31436
31445
31454
31463
31544
31634
31643
32246
32264
32426
32462
32624
32642
33146
33164
33416
33461
33614
33641
34136
34145
34154
34163
34226
34262
34316
34361
34415
34451
34514
34541
34613
34622
34631
35144
35414
35441
36134
36143
36224
36242
36314
36341
36413
36422
36431
41156
41165
41246
41255
41264
41336
41345
41354
41363
41426
41435
41453
41462
41516
41525
41534
41543
41552
41561
41615
41624
41633
41642
41651
42146
42155
42164
42236
42263
42326
42362
42416
42461
42515
42551
42614
42623
42632
42641
43136
43145
43154
43163
43226
43262
43316
43361
43415
43451
43514
43541
43613
43622
43631
44126
44135
44153
44162
44216
44261
44315
44351
44513
44531
44612
44621
45116
45125
45134
45143
45152
45161
45215
45251
45314
45341
45413
45431
45512
45521
45611
46115
46124
46133
46142
46151
46214
46223
46232
46241
46313
46322
46331
46412
46421
46511
51146
51164
51245
51254
51344
51416
51425
51434
51443
51452
51461
51524
51542
51614
51641
52145
52154
52415
52451
52514
52541
53144
53414
53441
54116
54125
54134
54143
54152
54161
54215
54251
54314
54341
54413
54431
54512
54521
54611
55124
55142
55214
55241
55412
55421
56114
56141
56411
61145
61154
61244
61334
61343
61415
61424
61433
61442
61451
61514
61541
62144
62234
62243
62324
62342
62414
62423
62432
62441
63134
63143
63224
63242
63314
63341
63413
63422
63431
64115
64124
64133
64142
64151
64214
64223
64232
64241
64313
64322
64331
64412
64421
64511
65114
65141
65411
11356
11365
11536
11563
11635
11653
12256
12265
12355
12445
12454
12526
12535
12544
12553
12562
12625
12652
13156
13165
13255
13345
13354
13435
13453
13516
13525
13534
13543
13552
13561
13615
13651
14245
14254
14335
14353
14425
14452
14524
14533
14542
15136
15163
15226
15235
15244
15253
15262
15316
15325
15334
15343
15352
15361
15424
15433
15442
15523
15532
15613
15622
15631
16135
16153
16225
16252
16315
16351
16513
16522
16531
21256
21265
21355
21445
21454
21526
21535
21544
21553
21562
21625
21652
22156
22165
22516
22561
22615
22651
23155
23515
23551
24145
24154
24415
24451
24514
24541
25126
25135
25144
25153
25162
25216
25261
25315
25351
25414
25441
25513
25531
25612
25621
26125
26152
26215
26251
26512
26521
31156
31165
31255
31345
31354
31435
31453
31516
31525
31534
31543
31552
31561
31615
31651
32155
32515
32551
33145
33154
33415
33451
33514
33541
34135
34153
34315
34351
34513
34531
35116
35125
35134
35143
35152
35161
35215
35251
35314
35341
35413
35431
35512
35521
35611
36115
36151
36511
41245
41254
41335
41353
41425
41452
41524
41533
41542
42145
42154
42415
42451
42514
42541
43135
43153
43315
43351
43513
43531
44125
44152
44215
44251
44512
44521
45124
45133
45142
45214
45241
45313
45331
45412
45421
51136
51163
51226
51235
51244
51253
51262
51316
51325
51334
51343
51352
51361
51424
51433
51442
51523
51532
51613
51622
51631
52126
52135
52144
52153
52162
52216
52261
52315
52351
52414
52441
52513
52531
52612
52621
53116
53125
53134
53143
53152
53161
53215
53251
53314
53341
53413
53431
53512
53521
53611
54124
54133
54142
54214
54241
54313
54331
54412
54421
55123
55132
55213
55231
55312
55321
56113
56122
56131
56212
56221
56311
61135
61153
61225
61252
61315
61351
61513
61522
61531
62125
62152
62215
62251
62512
62521
63115
63151
63511
65113
65122
65131
65212
65221
65311
11256
11265
11346
11364
11436
11463
11526
11562
11625
11634
11643
11652
12156
12165
12246
12264
12336
12363
12426
12462
12516
12561
12615
12624
12633
12642
12651
13146
13164
13236
13263
13326
13362
13416
13461
13614
13623
13632
13641
14136
14163
14226
14262
14316
14361
14613
14622
14631
15126
15162
15216
15261
15612
15621
16125
16134
16143
16152
16215
16224
16233
16242
16251
16314
16323
16332
16341
16413
16422
16431
16512
16521
21156
21165
21246
21264
21336
21363
21426
21462
21516
21561
21615
21624
21633
21642
21651
22146
22164
22416
22461
22614
22641
23136
23163
23316
23361
23613
23631
24126
24162
24216
24261
24612
24621
25116
25161
25611
26115
26124
26133
26142
26151
26214
26241
26313
26331
26412
26421
26511
31146
31164
31236
31263
31326
31362
31416
31461
31614
31623
31632
31641
32136
32163
32316
32361
32613
32631
33126
33162
33216
33261
33612
33621
34116
34161
34611
36114
36123
36132
36141
36213
36231
36312
36321
36411
41136
41163
41226
41262
41316
41361
41613
41622
41631
42126
42162
42216
42261
42612
42621
43116
43161
43611
46113
46122
46131
46212
46221
46311
51126
51162
51216
51261
51612
51621
52116
52161
52611
56112
56121
56211
61125
61134
61143
61152
61215
61224
61233
61242
61251
61314
61323
61332
61341
61413
61422
61431
61512
61521
62115
62124
62133
62142
62151
62214
62241
62313
62331
62412
62421
62511
63114
63123
63132
63141
63213
63231
63312
63321
63411
64113
64122
64131
64212
64221
64311
65112
65121
65211
11246
11264
11345
11354
11426
11435
11453
11462
11534
11543
11624
11642
12146
12164
12236
12245
12254
12263
12326
12335
12353
12362
12416
12425
12452
12461
12524
12533
12542
12614
12623
12632
12641
13145
13154
13226
13235
13253
13262
13325
13352
13415
13451
13514
13523
13532
13541
13622
14126
14135
14153
14162
14216
14225
14252
14261
14315
14351
14513
14522
14531
14612
14621
15134
15143
15224
15233
15242
15314
15323
15332
15341
15413
15422
15431
16124
16142
16214
16223
16232
16241
16322
16412
16421
21146
21164
21236
21245
21254
21263
21326
21335
21353
21362
21416
21425
21452
21461
21524
21533
21542
21614
21623
21632
21641
22136
22145
22154
22163
22316
22361
22415
22451
22514
22541
22613
22631
23126
23135
23153
23162
23216
23261
23315
23351
23513
23531
23612
23621
24116
24125
24152
24161
24215
24251
24512
24521
24611
25124
25133
25142
25214
25241
25313
25331
25412
25421
26114
26123
26132
26141
26213
26231
26312
26321
26411
31145
31154
31226
31235
31253
31262
31325
31352
31415
31451
31514
31523
31532
31541
31622
32126
32135
32153
32162
32216
32261
32315
32351
32513
32531
32612
32621
33125
33152
33215
33251
33512
33521
34115
34151
34511
35114
35123
35132
35141
35213
35231
35312
35321
35411
36122
36212
36221
41126
41135
41153
41162
41216
41225
41252
41261
41315
41351
41513
41522
41531
41612
41621
42116
42125
42152
42161
42215
42251
42512
42521
42611
43115
43151
43511
45113
45122
45131
45212
45221
45311
46112
46121
46211
51134
51143
51224
51233
51242
51314
51323
51332
51341
51413
51422
51431
52124
52133
52142
52214
52241
52313
52331
52412
52421
53114
53123
53132
53141
53213
53231
53312
53321
53411
54113
54122
54131
54212
54221
54311
61124
61142
61214
61223
61232
61241
61322
61412
61421
62114
62123
62132
62141
62213
62231
62312
62321
62411
63122
63212
63221
64112
64121
64211
11236
11245
11254
11263
11326
11362
11425
11452
11524
11542
11623
11632
12136
12145
12154
12163
12235
12253
12316
12325
12352
12361
12415
12451
12514
12523
12532
12541
12613
12631
13126
13162
13216
13225
13252
13261
13522
13612
13621
14125
14152
14215
14251
14512
14521
15124
15142
15214
15223
15232
15241
15322
15412
15421
16123
16132
16213
16231
16312
16321
21136
21145
21154
21163
21235
21253
21316
21325
21352
21361
21415
21451
21514
21523
21532
21541
21613
21631
22135
22153
22315
22351
22513
22531
23116
23125
23152
23161
23215
23251
23512
23521
23611
24115
24151
24511
25114
25123
25132
25141
25213
25231
25312
25321
25411
26113
26131
26311
31126
31162
31216
31225
31252
31261
31522
31612
31621
32116
32125
32152
32161
32215
32251
32512
32521
32611
35122
35212
35221
36112
36121
36211
41125
41152
41215
41251
41512
41521
42115
42151
42511
45112
45121
45211
51124
51142
51214
51223
51232
51241
51322
51412
51421
52114
52123
52132
52141
52213
52231
52312
52321
52411
53122
53212
53221
54112
54121
54211
61123
61132
61213
61231
61312
61321
62113
62131
62311
63112
63121
63211
11235
11253
11325
11352
11523
11532
12135
12153
12315
12351
12513
12531
13125
13152
13215
13251
13512
13521
15123
15132
15213
15231
15312
15321
21135
21153
21315
21351
21513
21531
23115
23151
23511
25113
25131
25311
31125
31152
31215
31251
31512
31521
32115
32151
32511
35112
35121
35211
51123
51132
51213
51231
51312
51321
52113
52131
52311
53112
53121
53211
